Stockage
Z:\Mes documents\Vert\INFO2\TP_TileMapping\TP_TileMapping\src\TileMapping\images\tileSetMinecraft32x32.png
30 20 32 32
0 -1 -1 -1 -1 -1 -1 -1 -1 -1 -1 -1 -1 -1 -1 -1 -1 -1 -1 -1 -1 -1 -1 -1 -1 -1 -1 -1 -1 -1 
-1 -1 0 -1 -1 -1 -1 -1 -1 -1 -1 -1 -1 -1 -1 -1 -1 -1 -1 -1 -1 -1 -1 -1 -1 -1 -1 -1 -1 -1 
0 0 -1 0 0 0 -1 -1 -1 -1 -1 -1 -1 -1 -1 -1 -1 -1 -1 0 0 -1 -1 -1 -1 -1 -1 -1 -1 -1 
-1 -1 -1 -1 -1 -1 -1 -1 -1 -1 -1 -1 -1 -1 -1 -1 -1 -1 -1 -1 -1 -1 -1 -1 -1 -1 -1 -1 -1 -1 
-1 -1 -1 0 0 0 -1 -1 -1 -1 -1 -1 -1 -1 -1 -1 -1 -1 -1 -1 -1 -1 -1 -1 -1 -1 -1 -1 -1 -1 
-1 -1 -1 -1 -1 -1 -1 -1 -1 105 -1 -1 -1 -1 -1 -1 -1 -1 -1 -1 -1 -1 -1 -1 -1 -1 -1 -1 -1 -1 
-1 -1 20 -1 -1 -1 -1 -1 -1 -1 -1 -1 -1 -1 -1 -1 -1 -1 -1 -1 -1 -1 -1 -1 -1 -1 -1 -1 -1 -1 
-1 -1 20 -1 -1 -1 -1 -1 -1 -1 5 5 5 5 5 5 5 5 5 5 5 -1 -1 -1 -1 -1 -1 -1 -1 -1 
-1 -1 20 -1 -1 -1 -1 -1 -1 -1 5 5 5 5 5 29 29 29 29 5 5 -1 -1 -1 -1 -1 -1 -1 -1 -1 
-1 -1 20 -1 -1 -1 -1 -1 -1 -1 5 5 5 122 5 29 29 29 29 5 5 -1 -1 -1 -1 -1 -1 -1 -1 -1 
-1 -1 20 169 169 169 169 169 -1 -1 5 5 5 138 5 29 29 42 43 5 5 -1 -1 -1 146 146 146 146 146 -1 
-1 -1 -1 -1 -1 -1 -1 -1 -1 -1 3 1 3 3 3 3 3 3 3 3 3 3 3 3 3 3 3 3 3 3 
3 3 3 3 3 3 3 3 -1 3 3 1 3 3 3 3 3 3 3 3 3 3 3 3 3 3 3 3 3 3 
-1 -1 -1 -1 -1 3 -1 -1 3 -1 1 1 -1 -1 -1 16 16 -1 -1 -1 -1 -1 -1 -1 -1 -1 -1 -1 3 3 
-1 -1 -1 -1 3 -1 -1 -1 -1 -1 1 1 1 1 1 16 -1 -1 -1 -1 -1 -1 -1 -1 -1 -1 -1 -1 3 -1 
-1 -1 -1 -1 -1 -1 3 -1 -1 -1 1 1 3 1 1 1 1 -1 -1 -1 -1 16 16 17 -1 -1 -1 -1 -1 -1 
-1 -1 17 -1 -1 -1 -1 -1 -1 -1 1 1 1 3 1 1 -1 -1 -1 -1 -1 16 17 17 -1 -1 -1 -1 -1 -1 
-1 -1 17 17 -1 -1 -1 -1 -1 -1 1 1 1 -1 -1 1 1 -1 -1 -1 -1 -1 17 17 -1 -1 -1 3 -1 3 
-1 -1 17 -1 -1 -1 -1 -1 -1 -1 1 1 1 -1 -1 1 -1 -1 -1 1 -1 -1 -1 17 -1 -1 -1 -1 3 3 
105 105 105 105 105 105 105 105 105 105 1 1 105 1 1 105 105 105 1 105 105 105 105 105 105 105 105 105 3 3 
