Ocean
../resources/tileSetPlage32x32.png
20 100 32 32
124 125 125 125 125 125 125 125 125 125 125 125 125 125 125 125 125 125 125 126 
144 145 145 145 145 145 145 145 145 145 145 145 145 145 145 145 145 145 145 146 
144 145 145 145 145 145 145 145 145 145 145 145 145 145 145 145 145 145 145 146 
144 145 145 145 145 145 145 145 145 145 145 145 145 145 145 145 145 145 145 146 
144 145 145 145 145 145 145 145 145 145 145 145 145 145 145 145 145 145 145 146 
144 145 145 145 145 145 145 145 145 145 145 145 145 145 145 145 145 145 145 146 
144 145 145 145 145 145 145 145 145 145 145 145 145 145 145 145 145 145 145 146 
144 145 145 145 145 145 145 145 145 145 145 145 145 145 145 145 145 145 145 146 
144 145 145 145 145 145 145 145 145 145 145 145 145 145 145 145 145 145 145 146 
144 145 145 145 145 145 145 145 145 145 145 145 145 145 145 145 145 145 145 146 
144 145 145 145 145 145 145 145 145 145 145 145 145 145 145 145 145 145 145 146 
144 145 145 145 145 145 145 145 145 145 145 145 145 145 145 145 145 145 145 146 
144 145 145 145 145 145 145 145 145 145 145 145 145 145 145 145 145 145 145 146 
144 145 145 145 145 145 145 145 145 145 145 145 145 145 145 145 145 145 145 146 
144 145 145 145 145 145 145 145 145 145 145 145 145 145 145 145 145 145 145 146 
144 145 145 145 145 145 145 145 145 145 145 145 145 145 145 145 145 145 145 146 
144 145 145 145 145 145 145 145 145 145 145 145 145 145 145 145 145 145 145 146 
144 145 145 145 145 145 145 145 145 145 145 145 145 145 145 145 145 145 145 146 
144 145 145 145 145 145 145 145 145 145 145 145 145 145 145 145 145 145 145 146 
144 145 145 145 145 145 145 145 145 145 145 145 145 145 145 145 145 145 145 146 
144 145 145 145 145 145 145 145 145 145 145 145 145 145 145 145 145 145 145 146 
144 145 145 145 145 145 145 145 145 145 145 145 145 145 145 145 145 145 145 146 
144 145 145 145 145 145 145 145 145 145 145 145 145 145 145 145 145 145 145 146 
144 145 145 145 145 145 145 145 145 145 145 145 145 145 145 145 145 145 145 146 
144 145 145 145 145 145 145 145 145 145 145 145 145 145 145 145 145 145 145 146 
144 145 145 145 145 145 145 145 145 145 145 145 145 145 145 145 145 145 145 146 
144 145 145 145 145 145 145 145 145 145 145 145 145 145 145 145 145 145 145 146 
144 145 145 145 145 145 145 145 145 145 145 145 145 145 145 145 145 145 145 146 
144 145 145 145 145 145 145 145 145 145 145 145 145 145 145 145 145 145 145 146 
144 145 145 145 145 145 145 145 145 145 145 145 145 145 145 145 145 145 145 146 
144 145 145 145 145 145 145 145 145 145 145 145 145 145 145 145 145 145 145 146 
144 145 145 145 145 145 145 145 145 145 145 145 145 145 145 145 145 145 145 146 
144 145 145 145 145 145 145 145 145 145 145 145 145 145 145 145 145 145 145 146 
144 145 145 145 145 145 145 145 145 145 145 145 145 145 145 145 145 145 145 146 
144 145 145 145 145 145 145 145 145 145 145 145 145 145 145 145 145 145 145 146 
144 145 145 145 145 145 145 145 145 145 145 145 145 145 145 145 145 145 145 146 
144 145 145 145 145 145 145 145 145 145 145 145 145 145 145 145 145 145 145 146 
144 145 145 145 145 145 145 145 145 145 145 145 145 145 145 145 145 145 145 146 
144 145 145 145 145 145 145 145 145 145 145 145 145 145 145 145 145 145 145 146 
144 145 145 145 145 145 145 145 145 145 145 145 145 145 145 145 145 145 145 146 
144 145 145 145 145 145 145 145 145 145 145 145 145 145 145 145 145 145 145 146 
144 145 145 145 145 145 145 145 145 145 145 145 145 145 145 145 145 145 145 146 
144 145 145 145 145 145 145 145 145 145 145 145 145 145 145 145 145 145 145 146 
144 145 145 145 145 145 145 145 145 145 145 145 145 145 145 145 145 145 145 146 
144 145 145 145 145 145 145 145 145 145 145 145 145 145 145 145 145 145 145 146 
144 145 145 145 145 145 145 145 145 145 145 145 145 145 145 145 145 145 145 146 
144 145 145 145 145 145 145 145 145 145 145 145 145 145 145 145 145 145 145 146 
144 145 145 145 145 145 145 145 145 145 145 145 145 145 145 145 145 145 145 146 
144 145 145 145 145 145 145 145 145 145 145 145 145 145 145 145 145 145 145 146 
144 145 145 145 145 145 145 145 145 145 145 145 145 145 145 145 145 145 145 146 
144 145 145 145 145 145 145 145 145 145 145 145 145 145 145 145 145 145 145 146 
144 145 145 145 145 145 145 145 145 145 145 145 145 145 145 145 145 145 145 146 
144 145 145 145 145 145 145 145 145 145 145 145 145 145 145 145 145 145 145 146 
144 145 145 145 145 145 145 145 145 145 145 145 145 145 145 145 145 145 145 146 
144 145 145 145 145 145 145 145 145 145 145 145 145 145 145 145 145 145 145 146 
144 145 145 145 145 145 145 145 145 145 145 145 145 145 145 145 145 145 145 146 
144 145 145 145 145 145 145 145 145 145 145 145 145 145 145 145 145 145 145 146 
144 145 145 145 145 145 145 145 145 145 145 145 145 145 145 145 145 145 145 146 
144 145 145 145 145 145 145 145 145 145 145 145 145 145 145 145 145 145 145 146 
144 145 145 145 145 145 145 145 145 145 145 145 145 145 145 145 145 145 145 146 
144 145 145 145 145 145 145 145 145 145 145 145 145 145 145 145 145 145 145 146 
144 145 145 145 145 145 145 145 145 145 145 145 145 145 145 145 145 145 145 146 
144 145 145 145 145 145 145 145 145 145 145 145 145 145 145 145 145 145 145 146 
144 145 145 145 145 145 145 145 145 145 145 145 145 145 145 145 145 145 145 146 
144 145 145 145 145 145 145 145 145 145 145 145 145 145 145 145 145 145 145 146 
144 145 145 145 145 145 145 145 145 145 145 145 145 145 145 145 145 145 145 146 
144 145 145 145 145 145 145 145 145 145 145 145 145 145 145 145 145 145 145 146 
144 145 145 145 145 145 145 145 145 145 145 145 145 145 145 145 145 145 145 146 
144 145 145 145 145 145 145 145 145 145 145 145 145 145 145 145 145 145 145 146 
144 145 145 145 145 145 145 145 145 145 145 145 145 145 145 145 145 145 145 146 
144 145 145 145 145 145 145 145 145 145 145 145 145 145 145 145 145 145 145 146 
144 145 145 145 145 145 145 145 145 145 145 145 145 145 145 145 145 145 145 146 
144 145 145 145 145 145 145 145 145 145 145 145 145 145 145 145 145 145 145 146 
144 145 145 145 145 145 145 145 145 145 145 145 145 145 145 145 145 145 145 146 
144 145 145 145 145 145 145 145 145 145 145 145 145 145 145 145 145 145 145 146 
144 145 145 145 145 145 145 145 145 145 145 145 145 145 145 145 145 145 145 146 
144 145 145 145 145 145 145 145 145 145 145 145 145 145 145 145 145 145 145 146 
144 145 145 145 145 145 145 145 145 145 145 145 145 145 145 145 145 145 145 146 
144 145 145 145 145 145 145 145 145 145 145 145 145 145 145 145 145 145 145 146 
144 145 145 145 145 145 145 145 145 145 145 145 145 145 145 145 145 145 145 146 
144 145 145 145 145 145 145 145 145 145 145 145 145 145 145 145 145 145 145 146 
144 145 145 145 145 145 145 145 145 145 145 145 145 145 145 145 145 145 145 146 
144 145 145 145 145 145 145 145 145 145 145 145 145 145 145 145 145 145 145 146 
144 145 145 145 145 145 145 145 145 145 145 145 145 145 145 145 145 145 145 146 
144 145 145 145 145 145 145 145 145 145 145 145 145 145 145 145 145 145 145 146 
144 145 145 145 145 145 145 145 145 145 145 145 145 145 145 145 145 145 145 146 
144 145 145 145 145 145 145 145 145 145 145 145 145 145 145 145 145 145 145 146 
144 145 145 145 145 145 145 145 145 145 145 145 145 145 145 145 145 145 145 146 
144 145 145 145 145 145 145 145 145 145 145 145 145 145 145 145 145 145 145 146 
144 145 145 145 145 145 145 145 145 145 145 145 145 145 145 145 145 145 145 146 
144 145 145 145 145 145 145 145 145 145 145 145 145 145 145 145 145 145 145 146 
144 145 145 145 145 145 145 145 145 145 145 145 145 145 145 145 145 145 145 146 
144 145 145 145 145 145 145 145 145 145 145 145 145 145 145 145 145 145 145 146 
144 145 145 145 145 145 145 145 145 145 145 145 145 145 145 145 145 145 145 146 
144 145 145 145 145 145 145 145 145 145 145 145 145 145 145 145 145 145 145 146 
144 145 145 145 145 145 145 145 145 145 145 145 145 145 145 145 145 145 145 146 
144 145 145 145 145 145 145 145 145 145 145 145 145 145 145 145 145 145 145 146 
144 145 145 145 145 145 145 145 145 145 145 145 145 145 145 145 145 145 145 146 
144 145 145 145 145 145 145 145 145 145 145 145 145 145 145 145 145 145 145 146 
164 165 165 165 165 165 165 165 165 165 165 165 165 165 165 165 165 165 165 166 
