Carte Océan
images/tileSet32x32.png
15 43 32
29 29 144 145 145 145 145 145 145 145 145 145 146 29 29
29 29 144 145 145 145 145 145 145 145 145 145 146 29 29
29 29 144 145 145 145 145 145 145 145 145 145 146 29 29
29 29 144 145 145 145 145 145 145 145 145 145 146 29 29
29 29 144 145 145 145 145 145 145 145 145 145 146 29 29
29 29 144 145 145 145 145 145 145 145 145 145 146 29 29
29 29 144 145 145 145 145 145 145 145 145 145 146 29 29
29 29 144 145 145 145 145 145 145 145 145 145 146 29 29
29 29 144 145 145 145 145 145 145 145 145 145 146 29 29
29 29 144 145 145 145 145 145 145 145 145 145 146 29 29
29 29 144 145 145 145 145 145 145 145 145 145 146 29 29
29 29 144 145 145 145 145 145 145 145 145 145 146 29 29
29 29 144 145 145 145 145 145 145 145 145 145 146 29 29
29 29 144 145 145 145 145 145 145 145 145 145 146 29 29
29 29 144 145 145 145 145 145 145 145 145 145 146 29 29
29 29 144 145 145 145 145 145 145 145 145 145 146 29 29
29 29 144 145 145 145 145 145 145 145 145 145 146 29 29
29 29 144 145 145 145 145 145 145 145 145 145 146 29 29
29 29 144 145 145 145 145 145 145 145 145 145 146 29 29
29 29 144 145 145 145 145 145 145 145 145 145 146 29 29
29 29 144 145 145 145 145 145 145 145 145 145 146 29 29
29 29 144 145 145 145 145 145 145 145 145 145 146 29 29
29 29 144 145 145 145 145 145 145 145 145 145 146 29 29
29 29 144 145 145 145 145 145 145 145 145 145 146 29 29
29 29 144 145 145 145 145 145 145 145 145 145 146 29 29
29 29 144 145 145 145 145 145 145 145 145 145 146 29 29
29 29 144 145 145 145 145 145 145 145 145 145 146 29 29
29 29 144 145 145 145 145 145 145 145 145 145 146 29 29
29 29 144 145 145 145 145 145 145 145 145 145 146 29 29
29 29 144 145 145 145 145 145 145 145 145 145 146 29 29
29 29 144 145 145 145 145 145 145 145 145 145 146 29 29
29 29 144 145 145 145 145 145 145 145 145 145 146 29 29
29 29 144 145 145 145 145 145 145 145 145 145 146 29 29
29 29 144 145 145 145 145 145 145 145 145 145 146 29 29
29 29 144 145 145 145 145 145 145 145 145 145 146 29 29
29 29 144 145 145 145 145 145 145 145 145 145 146 29 29
29 29 144 145 145 145 145 145 145 145 145 145 146 29 29
29 29 144 145 145 145 145 145 145 145 145 145 146 29 29
29 29 144 145 145 145 145 145 145 145 145 145 146 29 29
29 29 144 145 145 145 145 145 145 145 145 145 146 29 29
29 29 144 145 145 145 145 145 145 145 145 145 146 29 29
29 29 144 145 145 145 145 145 145 145 145 145 146 29 29
29 29 144 145 145 145 145 145 145 145 145 145 146 29 29